5400500224
823851904
4641162752
823851904
6256125440
91510308864
34349361152
64420401152
80454287360
4294967296
58773123072
42040401920
42040401920
40000000000
80454287360
823851904
34349361152
38039601152
823851904
87697924096
56102068224
#ID:1
42040401920
58773123072
1250000000
1019215872
61544960000
44163231744
95454142464
80454287360
4294967296
42040401920
61544960000
34349361152
51051261952
58773123072
823851904
38039601152
67402326016
61544960000
#ID:2
42040401920
58773123072
1129901056
2406768128
77016580096
36156833792
4294967296
42040401920
61544960000
34349361152
51051261952
58773123072
823851904
38039601152
67402326016
61544960000
#ID:3